80
80
80
80
80
81
80
81
81
81
82
82
81
81
81
83
64
0
0
0
0
0
0
0
0
0
0
0
0
0
0
0
0
0
0
0
0
0
0
0
0
0
0
0
0
0
0
0
0
0
0
0
0
0
0
0
0
0
0
0
0
0
0
0
0
0
1
0
2
1
2
1
1
0
2
2
1
2
4
4
4
4
5
4
3
5
6
6
5
6
6
6
6
7
6
8
8
7
8
8
9
8
7
9
11
10
10
10
12
10
10
11
11
11
11
10
12
13
12
13
13
11
12
13
14
15
14
15
14
15
15
15
15
15
16
16
16
18
15
17
18
17
19
18
18
18
19
19
21
19
20
19
20
21
21
22
20
22
21
22
21
22
22
22
23
23
24
24
24
24
23
24
24
24
23
24
25
26
26
26
26
27
25
27
27
29
27
29
27
27
27
29
30
28
28
29
28
29
29
29
29
31
30
30
30
31
32
32
31
31
31
33
33
31
32
33
33
34
34
35
34
34
35
34
34
36
35
35
36
36
36
36
37
37
38
37
37
37
37
38
38
38
39
40
38
39
39
39
40
39
40
41
39
41
42
41
41
41
40
42
42
42
43
43
43
44
44
43
44
44
45
43
44
45
45
45
46
45
45
46
46
46
46
46
47
46
47
47
48
46
47
47
49
48
50
49
49
50
50
48
49
50
49
50
49
50
52
51
52
51
52
52
51
50
51
53
52
51
51
52
54
53
53
53
54
54
55
55
54
55
55
55
55
55
56
56
55
56
55
57
57
57
56
57
57
58
58
58
59
57
59
58
58
58
60
59
60
60
59
60
61
61
60
60
61
61
61
62
62
62
62
62
62
62
61
63
62
63
63
63
63
63
63
64
63
63
63
65
63
64
63
65
64
65
65
66
67
67
67
68
66
68
67
69
68
68
68
67
69
69
68
68
69
69
70
69
70
69
69
70
71
71
71
71
71
71
72
71
71
72
73
71
72
71
73
74
73
73
73
73
75
74
74
75
75
74
75
75
74
75
76
76
75
75
75
76
77
77
77
77
76
78
78
78
78
78
78
78
79
78
79
79
79
80
79
79
80
80
79
80
79
80
81
80
82
81
82
82
82
82
82
83
83
83
82
83
83
83
83
84
83
84
84
84
84
85
85
85
84
86
85
84
86
87
86
86
86
86
87
86
87
88
87
88
87
88
87
88
88
88
88
87
88
88
88
90
89
89
90
89
89
90
90
89
90
90
90
90
92
91
92
92
91
92
92
92
94
93
91
94
94
92
92
94
93
93
94
94
96
94
94
95
94
96
96
96
96
96
96
94
96
95
95
96
97
95
96
97
98
97
98
97
97
97
97
97
97
98
98
98
99
99
98
98
98
99
100
99
100
99
100
101
99
101
100
101
100
100
102
101
102
102
103
102
101
102
102
102
102
102
104
102
103
103
103
104
103
104
103
104
104
104
105
104
105
105
105
104
104
106
105
106
105
105
105
106
106
107
107
107
106
106
107
107
109
109
108
107
109
108
108
108
109
109
108
109
110
110
109
109
109
110
109
111
110
109
109
111
111
111
112
111
112
112
111
110
112
112
111
111
111
112
112
112
114
112
113
113
112
114
114
114
114
114
114
115
114
115
115
115
114
115
114
114
115
114
116
114
115
116
116
114
115
116
117
115
117
117
117
115
116
118
117
119
118
117
118
119
118
118
117
118
119
120
118
119
118
120
119
119
119
119
120
121
120
119
120
119
120
120
121
121
121
120
121
122
123
122
121
122
121
123
123
122
123
123
124
124
123
124
122
123
124
124
124
124
125
124
124
123
125
125
126
126
124
125
126
125
126
125
125
125
127
126
125
126
127
128
127
126
126
128
127
127
127
128
127
127
129
127
128
127
127
129
129
127
128
128
130
130
128
129
128
130
129
129
129
129
129
129
130
131
131
131
131
131
131
130
130
130
131
131
132
131
131
132
132
132
132
132
132
133
132
132
133
132
134
133
132
134
133
134
133
133
134
133
134
134
135
135
134
136
135
135
135
135
135
135
135
135
134
136
135
135
137
136
136
136
136
137
136
137
136
135
136
137
136
137
138
138
137
138
138
136
137
138
139
138
138
137
139
137
137
138
140
139
139
139
139
139
140
140
140
139
139
140
140
141
140
140
140
141
142
140
141
140
141
140
141
142
142
141
141
143
141
142
141
143
143
142
143
143
143
143
142
143
143
143
142
143
143
143
143
143
143
143
143
143
145
144
144
144
143
144
143
145
145
145
144
145
146
145
144
145
145
145
146
146
146
147
146
145
145
146
146
146
147
147
147
147
147
147
146
148
147
147
148
147
148
148
147
148
147
148
149
147
148
149
150
148
147
150
150
148
149
149
149
150
150
150
149
150
150
149
151
149
151
150
150
152
152
150
151
152
151
151
151
151
153
152
152
152
152
152
152
152
152
152
151
152
152
151
152
153
153
152
153
152
154
153
153
153
153
153
154
153
154
154
153
155
154
153
155
155
155
155
154
154
155
155
155
156
155
156
156
155
157
157
157
157
157
156
156
156
157
156
155
158
157
156
157
157
156
156
157
158
156
157
158
159
157
158
158
158
158
158
159
157
158
159
159
159
158
159
159
159
159
159
159
159
159
159
159
159
159
159
160
160
159
161
159
159
160
161
162
161
161
159
161
159
159
159
161
159
161
160
161
162
161
162
162
162
162
162
162
163
163
162
163
162
163
162
163
162
164
163
163
165
163
164
164
165
164
164
164
164
165
164
164
164
162
165
165
165
164
164
165
165
165
164
164
165
166
165
166
166
165
164
167
165
166
165
166
166
164
166
167
167
165
167
167
166
167
167
167
167
166
166
166
167
167
168
167
166
166
167
168
167
167
167
168
168
169
168
168
168
167
169
168
168
168
169
169
169
170
169
170
170
170
169
170
170
170
169
170
169
170
169
171
171
170
170
169
172
171
171
171
169
170
172
171
171
172
172
170
171
171
172
171
171
172
173
172
171
171
171
171
173
172
171
172
172
173
173
173
172
174
173
173
173
172
173
173
172
171
174
172
174
174
174
174
174
174
174
172
175
174
175
174
175
174
175
173
175
175
174
175
173
175
176
175
176
174
175
175
175
176
175
176
175
176
176
176
176
176
175
177
177
176
176
176
176
176
176
177
177
178
177
177
178
178
177
178
176
178
177
177
177
177
178
178
177
177
179
178
177
178
177
178
177
178
178
179
179
180
179
180
178
179
178
180
178
180
180
179
179
179
179
180
179
179
180
179
180
179
181
180
178
180
180
180
181
180
179
181
181
180
182
181
181
182
180
181
182
181
181
181
180
182
180
182
182
181
181
181
181
182
182
182
182
183
184
182
184
181
183
183
184
182
183
181
182
184
183
184
183
184
184
184
182
184
183
184
183
184
184
184
183
183
184
184
185
184
185
183
184
183
184
186
185
184
185
184
185
184
186
185
185
186
184
186
186
186
185
186
186
185
186
186
187
186
185
159
186
185
186
187
186
185
186
186
186
185
187
187
186
185
187
187
187
187
186
187
187
188
188
187
187
187
185
187
188
188
188
188
187
188
189
189
187
187
187
188
189
189
187
188
188
188
187
189
189
189
189
189
190
190
188
190
189
189
190
188
188
192
189
189
190
189
189
188
191
192
192
190
190
192
192
192
191
192
190
190
192
192
191
191
192
192
192
192
191
192
192
192
192
192
192
191
192
191
192
192
192
191
192
193
193
193
193
192
193
192
192
192
192
192
192
193
192
192
192
192
192
194
193
192
193
194
193
193
194
194
194
193
194
193
193
193
192
193
193
193
193
194
193
193
194
193
194
194
193
192
193
193
193
193
194
194
195
195
194
195
194
194
195
195
194
194
195
195
193
195
193
194
195
196
195
195
196
195
196
196
196
195
197
196
195
197
196
196
195
196
195
195
196
197
196
196
195
197
197
196
197
197
198
198
196
197
196
195
197
197
198
197
197
197
198
198
198
197
198
198
197
197
197
198
197
198
199
197
198
197
199
200
198
198
197
198
199
197
199
198
199
199
198
200
198
199
198
200
199
199
200
199
200
199
200
199
199
201
199
199
200
201
200
199
199
199
199
201
201
199
200
200
199
200
200
200
200
201
200
201
200
202
199
200
201
199
199
199
201
200
202
202
200
201
202
200
202
202
202
201
202
201
202
203
202
203
202
203
202
202
202
202
202
203
202
202
202
202
203
202
201
203
203
202
203
203
203
204
202
204
202
202
203
203
202
202
203
202
204
203
203
204
203
203
203
204
205
204
203
204
205
203
204
203
202
204
204
203
204
204
203
204
204
205
204
206
204
205
205
205
205
204
205
204
204
204
205
204
205
206
204
205
205
205
206
204
206
206
206
206
206
206
205
205
204
205
207
206
207
205
205
205
206
205
207
205
206
206
206
207
206
206
207
206
207
207
207
207
207
206
206
206
207
207
206
207
206
206
206
205
207
207
207
207
208
206
207
207
207
207
207
206
207
207
209
209
207
209
207
207
207
208
207
207
208
207
208
208
209
207
208
207
207
209
208
209
208
208
207
209
207
208
210
208
209
207
208
210
210
208
210
208
210
208
210
208
209
209
209
208
209
210
209
209
210
209
209
209
209
209
210
211
209
209
208
210
210
209
210
209
210
211
212
210
211
210
209
210
209
210
211
212
210
211
210
210
212
211
210
210
211
210
211
211
211
210
211
212
212
211
211
212
211
212
211
211
212
212
212
211
213
211
211
212
211
212
211
211
212
212
211
213
213
212
212
211
212
212
214
213
213
213
213
212
214
213
213
213
212
214
213
213
212
213
213
214
213
212
215
213
213
213
213
213
213
213
214
214
213
213
213
213
213
212
214
214
214
213
212
213
213
214
213
213
215
213
215
214
214
215
214
214
214
213
214
213
213
215
215
214
215
214
215
215
214
214
216
216
216
214
214
215
215
214
216
216
215
215
216
216
214
216
216
215
215
215
216
214
215
215
216
215
215
216
216
215
216
216
215
216
215
216
216
215
216
216
217
217
217
216
216
216
216
218
217
217
218
216
217
215
217
217
216
215
217
218
215
216
217
217
217
216
217
217
217
217
217
217
216
216
216
216
217
218
217
216
216
216
216
216
218
218
217
218
216
217
218
217
217
218
216
218
217
218
216
219
217
218
217
218
218
218
219
218
218
218
219
218
217
217
218
220
218
219
220
219
217
220
219
219
219
220
219
218
219
220
219
217
219
220
220
219
218
220
219
219
219
219
219
220
219
220
219
220
218
218
220
219
221
220
219
219
219
220
219
221
220
220
220
220
219
220
219
220
219
220
219
221
221
220
220
220
220
220
219
220
221
220
220
219
221
220
220
221
221
222
221
221
221
221
222
221
221
221
222
222
222
219
222
222
221
221
221
220
221
221
221
222
221
221
222
221
222
221
221
222
223
222
221
221
222
222
222
222
220
221
222
224
221
222
223
221
221
223
223
222
224
222
222
223
221
222
222
222
223
223
222
224
224
222
223
224
222
221
224
224
222
223
223
223
223
223
223
224
224
224
224
224
224
224
224
224
224
224
223
224
224
224
224
224
224
223
225
224
224
224
225
224
224
225
224
223
224
225
223
223
224
224
224
223
224
224
224
224
225
224
224
223
224
225
224
225
224
224
225
224
225
224
224
224
225
224
225
225
225
225
225
225
225
224
225
225
225
224
224
225
226
225
224
225
225
226
225
225
226
225
225
225
226
225
225
225
226
226
225
224
225
225
225
225
226
226
226
226
225
226
226
226
226
225
225
227
226
225
226
226
225
227
226
225
225
226
225
226
225
226
225
227
226
226
226
227
228
226
227
226
226
226
226
227
227
226
227
227
226
226
226
226
226
225
227
226
226
226
226
227
226
226
227
227
226
226
227
227
227
227
227
228
227
225
226
227
227
227
228
228
228
227
227
228
228
226
228
227
227
227
228
227
229
227
227
228
228
226
229
229
228
229
228
227
227
227
228
229
228
228
229
227
228
227
227
228
228
227
228
227
229
228
228
227
229
228
228
229
228
228
229
228
229
229
229
228
227
227
227
229
229
227
228
230
228
230
229
230
230
229
229
227
230
229
230
230
229
230
228
230
228
231
229
229
229
229
227
228
229
228
227
229
227
227
226
227
227
226
226
226
228
226
226
225
226
225
226
225
226
224
226
224
224
224
225
225
224
225
225
224
224
222
223
224
222
222
223
222
222
221
222
222
222
222
220
221
221
220
221
222
219
221
220
219
220
221
219
220
220
219
220
219
219
220
218
218
218
218
218
217
218
218
219
217
218
217
218
216
218
216
217
215
216
215
217
216
215
217
216
216
215
215
216
214
215
214
215
214
213
216
213
213
214
212
212
214
213
213
214
213
212
211
213
213
211
211
212
212
212
212
211
211
211
210
212
210
210
210
210
210
211
211
210
209
208
210
209
210
209
209
208
209
209
209
208
207
209
208
209
206
207
207
207
208
207
207
207
206
206
205
206
206
206
206
206
207
207
206
206
205
205
206
204
206
205
203
206
206
205
203
203
204
203
205
204
204
203
204
204
204
204
203
201
202
202
201
202
201
200
201
201
202
202
201
201
202
201
199
202
202
201
201
200
199
200
201
199
199
200
200
200
199
199
198
198
199
198
198
198
198
197
198
198
196
199
198
198
197
197
195
196
196
195
196
195
196
196
195
197
196
196
195
194
195
196
196
194
196
195
195
193
195
196
194
195
194
195
193
194
193
194
193
193
192
192
193
194
193
192
192
193
192
193
192
192
192
192
192
192
192
192
192
192
192
190
190
192
192
192
192
191
191
190
192
192
189
189
190
192
190
190
190
190
190
189
188
189
188
189
189
188
187
187
188
188
187
187
187
187
187
188
187
186
186
185
186
186
185
186
185
185
186
186
185
185
185
184
184
186
184
185
185
184
184
185
185
183
185
184
183
184
183
183
183
184
184
184
184
181
182
181
181
182
182
182
182
182
182
182
182
183
182
182
181
182
180
180
182
182
180
182
181
180
181
179
180
179
180
179
180
180
180
179
179
180
179
179
179
178
179
179
178
179
179
178
177
177
178
178
177
178
177
176
178
178
176
177
178
176
176
178
177
177
176
176
176
175
176
176
176
175
176
176
178
176
176
175
175
176
175
176
174
176
174
176
174
173
175
175
174
174
175
175
174
173
173
174
173
171
174
174
173
173
173
173
173
173
174
171
172
171
172
172
171
173
171
172
171
172
172
170
172
169
171
172
171
171
170
172
171
171
170
172
169
169
169
170
169
169
169
170
168
169
167
168
169
170
169
168
170
169
168
168
168
168
168
168
167
168
168
168
167
167
167
166
167
166
166
166
166
167
167
165
165
165
166
166
166
166
165
165
165
165
166
165
166
165
165
166
165
166
163
163
164
164
164
163
164
165
164
164
165
164
163
164
163
163
164
163
162
163
164
163
162
163
162
163
162
163
163
163
162
162
161
161
162
162
161
161
162
161
161
160
159
161
161
161
162
161
159
159
160
160
159
159
159
159
159
159
159
160
160
159
159
159
160
160
159
160
159
158
157
159
159
159
159
158
158
159
157
158
158
159
157
158
158
157
157
156
158
158
158
157
157
158
157
157
156
158
156
156
156
156
156
157
156
155
156
155
156
155
157
155
155
156
155
156
155
155
155
155
155
155
155
154
154
154
154
155
155
155
153
153
154
153
154
153
153
154
153
153
152
153
153
153
154
153
153
152
153
152
153
154
153
153
151
152
153
153
151
152
152
151
151
153
152
151
152
151
152
152
152
151
152
151
150
149
151
150
152
152
150
151
150
149
151
150
150
150
149
150
150
149
150
150
148
148
148
150
150
149
150
150
150
148
148
148
150
148
148
149
149
148
148
148
148
148
147
148
146
148
146
147
148
148
148
147
147
147
148
146
148
148
147
147
145
147
147
146
145
145
147
146
146
146
145
145
147
147
146
145
146
144
145
143
146
146
144
145
143
146
145
145
143
145
143
144
144
145
144
143
145
144
143
143
143
144
143
144
142
143
143
143
142
143
141
142
143
141
142
143
143
142
141
142
142
142
141
141
141
142
141
142
141
140
142
141
141
140
140
140
140
141
142
140
142
142
142
140
140
142
139
139
140
139
140
140
141
140
140
140
139
141
139
140
141
139
139
138
140
138
139
139
140
139
138
138
137
139
139
139
139
138
139
137
139
138
139
137
138
139
138
137
138
138
137
137
138
137
138
138
138
138
138
136
137
137
138
135
137
136
135
136
137
137
136
137
135
136
137
135
135
137
137
135
135
136
136
136
134
135
136
136
136
135
135
134
135
135
136
136
136
134
133
135
135
135
134
133
133
134
134
134
135
135
133
135
134
134
133
133
134
133
134
132
132
135
133
132
132
135
131
134
134
133
132
133
132
131
132
132
132
133
133
133
133
133
131
131
133
131
132
131
133
133
131
131
131
132
131
132
131
130
131
131
131
131
131
132
131
131
130
131
131
131
131
129
131
131
130
130
130
131
130
130
129
131
129
129
130
129
130
129
131
130
128
129
129
129
129
130
129
129
129
128
128
128
129
129
129
128
128
127
128
128
127
128
129
126
128
128
127
127
128
127
127
128
127
127
127
127
128
128
126
127
127
127
128
127
126
128
127
127
127
126
126
127
126
125
126
125
127
125
125
125
126
125
125
125
126
125
126
127
125
125
126
124
126
125
125
126
125
126
125
126
124
126
124
124
123
125
124
124
124
125
124
124
124
125
125
125
123
125
123
125
123
125
123
124
123
124
124
124
123
123
123
123
124
123
122
124
124
123
123
122
123
123
121
122
124
124
123
122
123
123
123
123
123
122
122
122
123
121
121
123
122
121
122
121
122
120
121
120
120
121
121
122
122
122
120
121
120
121
122
120
121
121
120
122
122
120
121
120
119
121
120
120
121
119
120
119
120
120
120
121
119
121
121
121
120
119
120
120
120
119
118
119
119
120
119
119
117
120
119
119
120
119
119
119
119
118
119
117
118
118
117
117
118
119
117
117
119
119
119
118
119
118
119
118
118
117
117
117
117
117
116
118
118
117
117
117
117
118
117
118
117
118
116
117
118
118
116
117
116
116
117
117
118
116
117
116
115
116
116
116
116
115
114
116
117
115
115
116
115
115
115
116
116
115
116
115
116
116
116
115
114
116
114
114
116
115
116
116
115
113
115
115
115
115
115
114
114
114
114
113
115
113
113
114
114
113
113
114
113
115
113
115
114
114
113
114
113
113
113
113
113
114
113
112
114
112
112
113
113
113
114
113
114
114
114
113
113
112
111
112
112
112
113
112
113
112
112
113
112
113
112
112
112
111
112
112
111
112
111
111
110
112
112
110
112
112
112
112
110
111
111
112
111
112
111
111
112
112
112
109
110
109
110
110
111
110
110
111
112
111
110
112
112
110
111
110
111
110
112
109
111
109
110
110
111
111
110
110
110
109
109
110
110
109
109
109
110
110
109
109
109
111
109
110
108
109
109
110
110
109
109
110
109
109
109
109
109
109
109
109
109
108
110
109
109
107
108
108
108
110
108
108
109
108
109
108
109
108
108
108
107
108
108
108
108
107
107
107
108
107
108
108
107
108
106
108
108
107
108
107
107
106
107
108
108
108
107
108
106
107
106
107
108
107
107
106
105
105
107
106
105
105
107
106
106
107
106
105
105
106
106
105
106
107
106
106
104
107
106
106
106
106
105
106
105
105
105
105
105
106
106
105
105
106
105
106
104
103
106
104
105
106
106
105
105
105
105
105
106
104
104
103
104
104
105
105
105
105
104
104
105
103
103
103
105
104
103
104
104
103
103
103
104
103
103
103
104
103
103
103
104
103
105
104
103
103
104
103
103
102
103
103
103
102
102
103
103
103
102
103
102
104
102
103
103
103
103
102
102
102
104
102
103
101
103
103
101
103
101
102
101
102
102
102
103
102
101
102
101
101
101
101
101
102
103
102
101
101
102
102
102
102
102
102
100
102
102
102
102
102
101
101
102
100
102
101
101
101
101
100
101
102
102
101
102
101
99
100
99
101
101
100
100
101
100
100
100
100
101
100
100
100
100
101
100
100
99
100
100
99
100
100
99
100
100
99
99
100
100
99
100
99
100
101
99
99
100
99
99
100
100
100
99
98
99
99
98
98
99
97
99
98
100
98
98
99
97
98
97
99
99
98
99
100
100
98
99
100
99
100
98
99
99
99
98
99
99
98
99
98
98
98
98
97
98
98
99
99
98
99
97
98
98
98
98
97
96
97
97
99
98
97
97
97
97
98
97
97
97
98
97
96
98
98
97
97
98
97
97
97
97
97
96
96
97
98
98
97
97
97
98
98
96
96
96
97
98
97
97
97
97
96
97
98
97
97
97
97
97
96
97
96
96
96
96
97
96
95
96
95
97
96
96
95
96
95
96
96
96
96
96
96
96
94
96
96
95
96
96
97
96
96
96
96
95
95
94
96
93
94
95
96
94
94
95
95
95
94
95
94
96
96
96
96
96
95
95
95
96
96
96
95
93
96
94
95
93
94
96
96
96
95
95
94
93
94
94
94
93
94
94
93
94
95
94
93
96
96
94
93
94
94
93
93
94
95
93
94
94
93
93
94
94
96
94
93
94
93
94
94
94
93
93
94
92
93
95
94
93
94
94
93
94
93
92
93
94
93
92
93
93
92
93
92
94
92
93
92
92
91
91
92
92
92
93
93
93
93
92
92
92
91
92
92
92
93
92
93
93
93
92
92
92
92
92
91
93
92
90
92
91
92
92
92
92
92
92
92
90
92
93
91
92
92
91
90
91
92
91
92
93
91
92
91
92
92
92
92
93
91
92
91
91
91
92
91
92
92
91
92
93
90
92
91
91
91
92
90
91
92
90
92
90
90
92
91
91
90
90
91
92
90
91
90
91
92
92
90
90
90
92
89
90
90
91
89
90
89
90
90
90
90
90
89
91
90
90
90
89
91
90
89
90
90
90
89
90
89
91
89
89
90
90
88
91
89
90
89
90
90
88
90
89
90
90
89
89
89
89
88
90
89
89
88
89
88
89
90
90
89
89
90
89
90
89
89
90
90
89
89
89
90
89
89
88
88
88
88
88
89
89
88
89
89
89
89
89
89
88
89
89
89
89
88
88
88
88
89
88
88
88
89
87
88
88
88
88
88
88
88
88
88
88
89
88
87
88
87
87
88
88
88
88
88
88
87
87
86
88
87
88
88
87
88
88
87
87
87
88
88
88
88
88
87
87
89
87
88
86
88
87
86
87
87
87
88
88
87
87
88
86
87
88
84
86
85
87
88
88
86
86
87
87
88
88
86
87
87
85
85
87
86
86
86
86
85
86
87
85
87
86
86
87
87
86
87
85
86
85
86
85
85
87
86
85
85
85
86
87
86
85
86
86
86
86
85
86
86
87
85
86
85
87
85
87
86
85
86
85
87
87
86
84
85
84
85
85
85
85
84
85
85
85
84
85
85
84
85
85
84
85
83
85
85
86
85
85
84
85
86
86
85
86
86
86
84
86
86
86
84
87
83
85
86
85
84
85
86
86
85
86
85
86
86
84
85
83
85
85
85
85
84
85
84
85
85
84
84
83
84
85
85
85
84
83
84
83
84
86
83
85
85
85
83
84
83
85
85
85
84
83
86
85
84
84
83
84
83
83
83
84
84
84
84
84
85
85
84
84
84
83
83
83
84
83
83
83
83
83
83
83
83
83
83
85
84
84
84
83
84
84
83
83
82
84
83
82
83
83
83
83
84
84
83
84
83
83
84
84
83
83
83
83
84
84
83
83
83
83
83
82
83
83
82
82
84
82
84
83
82
83
82
83
82
84
81
82
83
83
83
82
83
83
83
83
84
82
82
81
82
83
82
83
82
83
81
83
82
83
84
83
83
82
82
83
82
82
83
83
82
82
83
83
81
83
83
81
82
83
83
83
81
82
82
82
81
82
81
81
82
81
83
81
83
80
82
82
81
81
82
81
82
81
82
82
82
81
83
82
81
82
83
82
83
83
81
82
82
82
82
82
82
81
81
82
81
81
81
80
82
81
82
82
80
80
81
83
81
83
82
81
81
81
81
82
82
81
82
81
82
79
81
82
80
81
81
81
82
82
81
82
82
80
82
82
81
81
81
81
80
79
82
82
81
79
82
82
81
81
82
81
79
79
79
79
81
81
81
81
81
81
81
80
81
79
81
81
79
82
80
80
81
82
81
80
80
79
81
79
79
80
79
81
79
81
79
80
80
81
81
81
79
80
81
80
79
79
80
79
80
79
81
81
80
80
80
81
81
81
79
81
81
79
79
79
79
80
80
79
80
79
79
79
79
79
79
78
81
80
79
80
79
80
80
79
79
79
79
80
80
79
80
79
79
78
80
79
80
80
79
79
79
81
80
78
79
80
80
79
80
79
79
81
79
80
79
79
79
80
79
80
79
79
80
78
79
79
79
80
79
78
78
79
79
79
79
79
79
78
79
79
79
79
79
79
79
79
78
79
79
79
79
79
78
79
80
79
78
78
78
78
79
78
79
77
78
78
78
77
79
78
79
79
79
79
79
79
78
79
78
79
79
79
79
78
79
77
79
78
78
79
78
79
78
79
78
79
78
78
79
77
78
78
79
77
77
78
77
78
78
78
77
78
78
77
79
78
77
77
78
78
77
77
78
78
78
78
78
78
77
77
79
78
79
77
78
78
78
78
77
78
78
79
77
77
77
78
78
79
77
78
78
78
78
77
78
77
78
77
76
79
78
77
77
77
78
78
77
77
76
77
76
77
77
77
76
77
78
77
78
78
76
76
77
77
78
76
76
77
76
78
77
77
76
77
78
77
76
77
77
76
78
78
78
77
78
76
77
77
78
77
77
77
77
77
77
77
76
75
78
77
77
76
76
78
76
76
76
76
78
77
77
76
76
77
77
77
77
78
76
76
76
76
77
75
76
77
76
76
76
76
75
78
78
76
76
77
75
76
75
77
76
76
76
78
77
75
76
76
75
77
76
77
77
76
77
76
77
77
75
76
77
76
77
76
76
75
75
75
75
77
77
76
76
77
76
75
77
75
76
75
76
75
75
77
76
75
75
76
75
76
76
76
75
75
76
75
75
76
76
75
75
75
74
76
76
76
76
75
76
76
75
76
77
75
75
76
75
75
76
76
75
75
76
75
75
75
76
75
74
76
74
76
76
75
75
75
76
75
75
75
75
76
76
74
74
76
76
75
75
76
74
75
76
74
75
76
77
76
75
75
75
75
75
76
76
75
75
75
75
75
75
74
76
75
74
74
75
75
75
74
75
74
73
73
74
74
74
74
73
75
75
75
74
74
74
76
74
74
75
75
73
76
74
75
73
76
75
74
75
74
76
75
74
74
73
75
74
75
74
75
74
75
75
74
74
73
74
73
75
75
74
73
74
75
75
75
75
75
74
75
74
74
75
75
74
73
74
74
75
73
73
75
74
73
73
73
76
73
74
74
75
75
73
74
74
74
74
74
74
74
74
74
75
73
76
75
75
74
75
75
74
73
74
74
73
74
74
74
73
75
74
73
74
74
75
74
74
73
74
74
73
74
74
74
74
73
73
74
76
73
74
74
74
73
72
73
74
74
73
75
73
73
73
74
73
74
74
73
74
73
73
73
74
72
73
74
73
74
73
71
74
73
75
74
74
73
74
74
72
72
72
74
72
73
73
72
73
73
74
72
73
73
74
73
73
73
74
74
72
72
73
73
73
74
72
74
74
73
72
73
71
73
72
72
73
74
74
73
71
74
71
72
73
73
73
73
71
72
72
73
74
73
73
73
73
71
73
72
71
73
73
73
73
73
73
73
73
73
71
74
73
73
74
74
72
72
73
72
73
74
72
72
73
74
72
74
72
72
73
72
73
72
72
72
72
72
73
73
72
72
72
73
73
71
71
72
72
71
72
72
72
71
72
72
71
73
72
72
73
73
73
71
73
71
71
72
72
72
71
72
72
71
71
71
73
72
73
71
72
72
73
71
71
72
72
72
72
71
72
71
71
71
73
71
72
72
72
72
72
71
71
72
72
73
73
71
71
71
71
72
73
72
73
71
71
72
72
73
72
71
72
73
72
71
72
73
71
71
72
71
72
72
72
72
70
73
71
72
71
71
71
71
71
71
70
72
72
71
73
72
70
71
72
71
72
72
72
71
70
71
71
72
71
72
73
71
71
71
72
71
71
72
71
72
71
71
72
72
73
71
71
72
72
70
72
71
71
72
71
72
71
71
72
70
72
72
71
73
70
72
71
72
72
71
71
71
72
71
72
71
70
71
72
71
71
72
71
72
71
72
71
71
71
72
71
72
70
71
71
72
71
70
70
70
71
70
71
71
71
71
71
71
71
71
72
71
70
72
70
71
72
72
71
71
72
71
70
71
71
72
70
71
69
71
71
70
71
70
70
70
71
71
71
71
71
70
70
70
72
72
71
70
72
70
71
71
70
71
70
71
70
71
70
71
71
71
70
70
70
71
70
71
70
70
71
71
70
70
70
69
71
70
70
72
70
72
71
70
70
70
69
69
70
69
69
70
69
70
69
70
70
70
69
70
70
70
70
70
70
70
70
71
70
71
69
69
69
69
70
69
70
69
71
71
70
69
71
69
71
70
69
70
71
70
70
71
69
70
71
70
70
70
70
71
70
71
68
69
70
70
71
69
70
71
70
70
70
69
70
69
71
70
71
69
71
69
70
72
70
70
70
70
70
69
70
69
71
71
70
69
70
70
69
71
70
70
69
71
70
70
71
70
69
70
71
70
69
69
69
70
70
70
70
70
71
70
71
71
69
69
69
70
71
69
70
70
67
71
70
69
71
71
69
69
70
70
70
69
71
69
69
70
70
70
69
69
70
69
68
69
69
70
69
70
71
69
69
70
69
69
70
70
71
69
71
70
69
69
70
70
70
70
70
70
69
69
70
70
70
70
70
70
70
70
69
68
69
70
69
69
68
70
69
68
69
69
69
70
69
70
68
69
69
70
70
69
70
69
70
68
69
69
69
70
70
70
70
68
69
70
68
68
69
70
68
70
71
70
69
69
70
70
68
68
69
69
70
69
70
69
69
69
70
70
70
70
69
70
70
69
69
69
68
68
68
69
69
69
70
70
70
69
69
70
69
68
70
69
70
69
68
70
69
69
68
68
69
70
70
69
69
68
70
70
68
68
69
69
70
67
70
69
70
68
69
70
68
69
69
69
67
70
68
70
70
67
69
69
69
69
69
69
67
69
70
70
69
70
70
69
70
69
68
68
69
69
69
70
67
68
68
68
69
68
69
67
70
70
69
68
69
68
70
68
68
67
67
68
67
69
70
69
67
68
68
68
69
69
68
67
68
67
69
70
68
70
70
69
67
69
70
68
68
69
69
69
68
68
68
69
69
67
70
68
70
67
67
69
68
70
67
69
68
68
68
67
68
69
67
69
69
69
67
67
68
68
70
69
68
69
68
69
68
69
68
69
69
68
67
68
67
68
69
70
67
69
68
68
70
68
67
67
69
68
68
69
68
68
68
67
67
68
69
67
69
69
67
69
69
68
68
69
67
68
68
67
68
68
69
69
69
69
67
67
68
69
68
69
69
68
68
67
67
68
68
68
68
68
69
68
67
69
68
69
67
67
68
67
67
68
69
67
68
67
68
67
68
67
68
68
69
68
68
67
69
68
69
68
68
66
69
67
68
68
69
67
67
69
67
69
68
68
67
67
67
67
67
67
68
70
67
67
69
68
68
67
68
68
68
68
68
67
69
67
67
68
67
68
67
68
69
69
68
68
68
68
67
67
67
67
68
69
68
67
68
68
68
69
68
66
68
67
68
68
68
67
66
67
68
68
67
68
67
68
68
68
68
68
68
67
69
68
68
67
67
68
68
68
67
68
68
67
67
67
67
67
68
67
67
68
68
66
67
67
67
69
68
68
67
68
69
68
68
67
66
68
68
68
67
67
68
67
67
68
66
67
67
67
68
68
67
67
67
67
66
67
67
67
68
66
67
68
66
67
67
68
67
67
67
67
68
68
68
68
68
68
67
68
68
67
68
65
67
68
67
68
68
67
68
67
68
68
66
67
67
68
67
67
67
66
68
67
67
66
67
67
67
68
68
67
67
67
67
67
67
68
67
68
66
67
67
67
67
67
67
67
67
67
68
68
67
67
67
66
67
67
67
68
68
67
67
67
68
68
68
66
68
68
66
67
66
67
67
66
66
66
66
67
67
67
65
67
67
67
68
65
67
68
68
68
66
66
66
68
67
65
66
66
67
68
67
67
67
66
66
67
66
67
68
68
67
66
67
67
67
66
68
68
67
66
67
67
67
67
67
68
67
65
66
67
67
68
67
66
67
65
65
68
67
67
66
67
67
66
67
67
66
67
67
67
67
67
67
66
66
68
67
67
67
67
66
67
66
67
66
66
66
67
66
66
68
66
65
68
65
66
67
65
67
66
67
67
66
67
67
67
66
67
66
66
67
66
67
67
68
65
66
67
67
67
66
65
66
66
67
68
66
67
66
67
66
67
66
67
67
66
67
68
67
68
67
66
66
68
67
67
67
67
67
67
67
66
65
67
66
67
67
66
67
65
66
67
66
66
67
67
68
65
66
67
66
65
66
68
67
67
68
67
66
67
67
67
66
67
66
67
66
65
66
66
67
65
67
67
67
66
68
67
67
67
67
68
66
66
67
66
67
67
67
65
65
66
67
68
66
67
66
67
65
68
66
67
65
66
66
68
66
67
67
67
66
67
66
66
66
66
67
65
66
66
66
67
65
66
66
67
67
67
68
66
65
66
65
68
63
67
66
65
65
67
66
67
66
65
65
66
66
66
65
67
68
65
65
67
66
66
66
66
66
66
67
65
65
67
67
65
66
65
66
65
66
66
66
65
65
66
67
66
66
67
65
65
65
66
65
66
67
66
66
65
66
66
68
67
67
65
68
66
66
67
67
67
66
66
66
66
65
65
66
67
66
67
67
66
67
67
66
66
66
67
65
67
67
66
67
67
65
66
65
66
66
65
63
65
66
63
66
65
66
67
67
65
67
68
66
67
65
67
67
67
66
66
63
65
66
65
66
65
66
65
66
66
66
66
65
65
65
66
67
65
66
67
63
66
65
66
66
64
65
65
67
67
65
65
66
66
65
65
66
65
67
66
65
65
65
65
67
63
67
63
66
63
65
65
66
65
63
63
66
63
66
67
67
66
67
65
66
66
66
65
63
67
65
65
65
67
63
66
65
67
66
66
66
67
67
65
67
65
65
66
67
66
66
63
65
63
66
66
66
65
66
63
67
67
65
67
65
66
66
66
65
65
65
66
66
66
65
66
65
66
66
65
63
66
63
65
66
65
65
66
66
63
65
65
64
66
66
66
65
66
65
65
66
66
64
63
66
65
66
67
65
66
66
66
65
65
66
66
66
67
63
66
63
63
65
65
65
63
67
65
63
66
66
66
65
66
65
67
63
66
63
63
66
65
65
65
65
64
63
66
65
66
63
67
63
63
63
65
66
63
66
65
66
64
65
66
65
66
65
66
65
66
65
65
66
67
66
65
66
63
64
66
65
67
65
65
66
65
66
66
63
63
66
63
65
66
65
63
65
65
67
65
65
66
63
66
66
65
65
66
63
65
67
63
65
65
65
63
65
65
63
66
66
65
66
66
63
65
63
67
63
66
66
63
66
66
66
66
65
66
67
63
66
66
63
67
66
66
63
66
63
63
64
63
65
65
66
66
65
66
64
66
63
63
63
64
66
65
66
66
66
66
63
66
66
66
65
65
66
63
63
66
66
65
64
63
66
64
63
63
65
66
63
65
67
66
63
63
65
66
65
65
65
65
64
65
63
65
63
65
63
63
63
65
66
65
65
65
65
66
63
63
66
63
65
66
64
63
64
63
66
65
66
66
63
65
65
66
66
65
65
66
65
65
63
64
64
66
63
63
63
64
63
66
64
66
63
65
63
65
66
63
66
66
66
65
65
64
65
63
63
65
65
66
65
63
63
66
65
66
66
63
63
65
65
66
65
66
66
65
65
66
65
63
65
63
63
31